18 17
0 cnas 4 12007 905 3 99.99
1 cns1 4 12007 905 2 99.99
2 cn113 4 12007 905 1 99.9
3 cn115 4 12007 905 1 99
4 cn116 4 12007 905 1 99.9
5 cn117 4 12007 905 1 99
6 cn118 4 12007 905 1 99
7 cn119 4 12007 905 1 99
8 cns2 4 12007 905 2 99.99
9 cn211 4 12007 905 1 99
10 cn212 4 12007 905 1 99
11 cn213 4 12007 905 1 99
12 cn215 4 12007 905 1 99
13 cn216 4 12007 905 1 99
14 cn217 4 12007 905 1 99.9
15 cn218 4 12007 905 1 99.9
16 cn219 4 12007 905 1 99.9
17 cn220 4 12007 905 1 99
0 cnas cns1 10 99
1 cnas cns2 10 99
2 cns1 cn113 1 99
3 cns1 cn115 1 99
4 cns1 cn116 1 99
5 cns1 cn117 1 99
6 cns1 cn118 1 99
7 cns1 cn119 1 99
8 cns2 cn211 1 99
9 cns2 cn212 1 99
10 cns2 cn213 1 99
11 cns2 cn215 1 99
12 cns2 cn216 1 99
13 cns2 cn217 1 99
14 cns2 cn218 1 99
15 cns2 cn219 1 99
16 cns2 cn220 1 99

